Ion = Lithium     , Mass = 6.015122
Tgt =  C (Solid), Density = 2.253 g/cm3
Stopping Units = MeV/(mg/cm2) 
Energy(keV)  S(Elec)    S(Nuc)
1.040E+05   2.378E-01  1.092E-04 
1.043E+05   2.373E-01  1.089E-04 
1.045E+05   2.368E-01  1.087E-04 
1.048E+05   2.363E-01  1.084E-04 
1.051E+05   2.358E-01  1.082E-04 
1.053E+05   2.353E-01  1.079E-04 
1.056E+05   2.348E-01  1.077E-04 
1.059E+05   2.343E-01  1.074E-04 
1.061E+05   2.339E-01  1.072E-04 
1.064E+05   2.334E-01  1.069E-04 
1.067E+05   2.329E-01  1.067E-04 
1.069E+05   2.324E-01  1.064E-04 
1.072E+05   2.320E-01  1.062E-04 
1.075E+05   2.315E-01  1.060E-04 
1.077E+05   2.310E-01  1.057E-04 
1.080E+05   2.306E-01  1.055E-04 
1.083E+05   2.301E-01  1.053E-04 
1.085E+05   2.296E-01  1.050E-04 
1.088E+05   2.292E-01  1.048E-04 
1.091E+05   2.287E-01  1.046E-04 
1.093E+05   2.283E-01  1.043E-04 
1.096E+05   2.278E-01  1.041E-04 
1.099E+05   2.274E-01  1.039E-04 
1.101E+05   2.269E-01  1.036E-04 
1.104E+05   2.265E-01  1.034E-04 
1.107E+05   2.260E-01  1.032E-04 
1.109E+05   2.256E-01  1.030E-04 
1.112E+05   2.251E-01  1.027E-04 
1.114E+05   2.247E-01  1.025E-04 
1.117E+05   2.243E-01  1.023E-04 
1.120E+05   2.238E-01  1.021E-04 
1.122E+05   2.234E-01  1.019E-04 
1.125E+05   2.230E-01  1.016E-04 
1.128E+05   2.225E-01  1.014E-04 
1.130E+05   2.221E-01  1.012E-04 
1.133E+05   2.217E-01  1.010E-04 
1.136E+05   2.213E-01  1.008E-04 
1.138E+05   2.208E-01  1.006E-04 
1.141E+05   2.204E-01  1.003E-04 
1.144E+05   2.200E-01  1.001E-04 
1.146E+05   2.196E-01  9.993E-05 
1.149E+05   2.192E-01  9.972E-05 
1.152E+05   2.188E-01  9.951E-05 
1.154E+05   2.183E-01  9.930E-05 
1.157E+05   2.179E-01  9.909E-05 
1.160E+05   2.175E-01  9.889E-05 
1.162E+05   2.171E-01  9.868E-05 
1.165E+05   2.167E-01  9.848E-05 
1.168E+05   2.163E-01  9.827E-05 
1.170E+05   2.159E-01  9.807E-05 
1.173E+05   2.155E-01  9.787E-05 
1.176E+05   2.151E-01  9.767E-05 
1.178E+05   2.147E-01  9.747E-05 
1.181E+05   2.143E-01  9.727E-05 
1.184E+05   2.139E-01  9.707E-05 
1.186E+05   2.135E-01  9.687E-05 
1.189E+05   2.131E-01  9.668E-05 
1.192E+05   2.128E-01  9.648E-05 
1.194E+05   2.124E-01  9.628E-05 
1.197E+05   2.120E-01  9.609E-05 
1.200E+05   2.116E-01  9.590E-05 
1.202E+05   2.112E-01  9.570E-05 
1.205E+05   2.108E-01  9.551E-05 
1.208E+05   2.105E-01  9.532E-05 
1.210E+05   2.101E-01  9.513E-05 
1.213E+05   2.097E-01  9.494E-05 
1.216E+05   2.093E-01  9.475E-05 
1.218E+05   2.090E-01  9.456E-05 
1.221E+05   2.086E-01  9.438E-05 
1.224E+05   2.082E-01  9.419E-05 
1.226E+05   2.079E-01  9.401E-05 
1.229E+05   2.075E-01  9.382E-05 
1.232E+05   2.071E-01  9.364E-05 
1.234E+05   2.068E-01  9.345E-05 
1.237E+05   2.064E-01  9.327E-05 
1.240E+05   2.060E-01  9.309E-05 
1.242E+05   2.057E-01  9.291E-05 
1.245E+05   2.053E-01  9.273E-05 
1.247E+05   2.050E-01  9.255E-05 
1.250E+05   2.046E-01  9.237E-05 
1.253E+05   2.042E-01  9.219E-05 
1.255E+05   2.039E-01  9.201E-05 
1.258E+05   2.035E-01  9.184E-05 
1.261E+05   2.032E-01  9.166E-05 
1.263E+05   2.028E-01  9.149E-05 
1.266E+05   2.025E-01  9.131E-05 
1.269E+05   2.021E-01  9.114E-05 
1.271E+05   2.018E-01  9.096E-05 
1.274E+05   2.015E-01  9.079E-05 
1.277E+05   2.011E-01  9.062E-05 
1.279E+05   2.008E-01  9.045E-05 
1.282E+05   2.004E-01  9.028E-05 
1.285E+05   2.001E-01  9.011E-05 
1.287E+05   1.998E-01  8.994E-05 
1.290E+05   1.994E-01  8.977E-05 
1.293E+05   1.991E-01  8.960E-05 
1.295E+05   1.987E-01  8.944E-05 
1.298E+05   1.984E-01  8.927E-05 
1.301E+05   1.981E-01  8.910E-05 
1.303E+05   1.978E-01  8.894E-05 
1.306E+05   1.974E-01  8.877E-05 
1.309E+05   1.971E-01  8.861E-05 
1.311E+05   1.968E-01  8.845E-05 
1.314E+05   1.964E-01  8.828E-05 
1.317E+05   1.961E-01  8.812E-05 
1.319E+05   1.958E-01  8.796E-05 
1.322E+05   1.955E-01  8.780E-05 
1.325E+05   1.952E-01  8.764E-05 
1.327E+05   1.948E-01  8.748E-05 
1.330E+05   1.945E-01  8.732E-05 
1.333E+05   1.942E-01  8.716E-05 
1.335E+05   1.939E-01  8.700E-05 
1.338E+05   1.936E-01  8.685E-05 
1.341E+05   1.933E-01  8.669E-05 
1.343E+05   1.929E-01  8.653E-05 
1.346E+05   1.926E-01  8.638E-05 
1.349E+05   1.923E-01  8.622E-05 
1.351E+05   1.920E-01  8.607E-05 
1.354E+05   1.917E-01  8.592E-05 
1.357E+05   1.914E-01  8.576E-05 
1.359E+05   1.911E-01  8.561E-05 
1.362E+05   1.908E-01  8.546E-05 
1.365E+05   1.905E-01  8.531E-05 
1.367E+05   1.902E-01  8.516E-05 
1.370E+05   1.899E-01  8.501E-05 
1.373E+05   1.896E-01  8.486E-05 
1.375E+05   1.893E-01  8.471E-05 
1.378E+05   1.890E-01  8.456E-05 
1.380E+05   1.887E-01  8.441E-05 
1.383E+05   1.884E-01  8.426E-05 
1.386E+05   1.881E-01  8.412E-05 
1.388E+05   1.878E-01  8.397E-05 
1.391E+05   1.875E-01  8.382E-05 
1.394E+05   1.872E-01  8.368E-05 
1.396E+05   1.869E-01  8.353E-05 
1.399E+05   1.866E-01  8.339E-05 
1.402E+05   1.863E-01  8.324E-05 
1.404E+05   1.861E-01  8.310E-05 
1.407E+05   1.858E-01  8.296E-05 
1.410E+05   1.855E-01  8.282E-05 
1.412E+05   1.852E-01  8.267E-05 
1.415E+05   1.849E-01  8.253E-05 
1.418E+05   1.846E-01  8.239E-05 
1.420E+05   1.844E-01  8.225E-05 
1.423E+05   1.841E-01  8.211E-05 
1.426E+05   1.838E-01  8.197E-05 
1.428E+05   1.835E-01  8.183E-05 
1.431E+05   1.832E-01  8.170E-05 
1.434E+05   1.830E-01  8.156E-05 
1.436E+05   1.827E-01  8.142E-05 
1.439E+05   1.824E-01  8.128E-05 
1.442E+05   1.821E-01  8.115E-05 
1.444E+05   1.819E-01  8.101E-05 
1.447E+05   1.816E-01  8.088E-05 
1.450E+05   1.813E-01  8.074E-05 
1.452E+05   1.810E-01  8.061E-05 
1.455E+05   1.808E-01  8.047E-05 
1.458E+05   1.805E-01  8.034E-05 
1.460E+05   1.802E-01  8.021E-05 
1.463E+05   1.800E-01  8.007E-05 
1.466E+05   1.797E-01  7.994E-05 
1.468E+05   1.794E-01  7.981E-05 
1.471E+05   1.792E-01  7.968E-05 
1.474E+05   1.789E-01  7.955E-05 
1.476E+05   1.786E-01  7.942E-05 
1.479E+05   1.784E-01  7.929E-05 
1.482E+05   1.781E-01  7.916E-05 
1.484E+05   1.779E-01  7.903E-05 
1.487E+05   1.776E-01  7.890E-05 
1.490E+05   1.773E-01  7.877E-05 
1.492E+05   1.771E-01  7.864E-05 
1.495E+05   1.768E-01  7.852E-05 
1.498E+05   1.766E-01  7.839E-05 
1.500E+05   1.763E-01  7.826E-05 
1.503E+05   1.761E-01  7.814E-05 
1.506E+05   1.758E-01  7.801E-05 
1.508E+05   1.756E-01  7.789E-05 
1.511E+05   1.753E-01  7.776E-05 
1.513E+05   1.751E-01  7.764E-05 
1.516E+05   1.748E-01  7.751E-05 
1.519E+05   1.746E-01  7.739E-05 
1.521E+05   1.743E-01  7.727E-05 
1.524E+05   1.741E-01  7.714E-05 
1.527E+05   1.738E-01  7.702E-05 
1.529E+05   1.736E-01  7.690E-05 
1.532E+05   1.733E-01  7.678E-05 
1.535E+05   1.731E-01  7.666E-05 
1.537E+05   1.728E-01  7.654E-05 
1.540E+05   1.726E-01  7.642E-05 
1.543E+05   1.723E-01  7.630E-05 
1.545E+05   1.721E-01  7.618E-05 
1.548E+05   1.719E-01  7.606E-05 
1.551E+05   1.716E-01  7.594E-05 
1.553E+05   1.714E-01  7.582E-05 
1.556E+05   1.711E-01  7.570E-05 
1.559E+05   1.709E-01  7.558E-05 
1.561E+05   1.707E-01  7.547E-05 
1.564E+05   1.704E-01  7.535E-05 
1.567E+05   1.702E-01  7.523E-05 
1.569E+05   1.700E-01  7.512E-05 
1.572E+05   1.697E-01  7.500E-05 
1.575E+05   1.695E-01  7.489E-05 
1.577E+05   1.693E-01  7.477E-05 
1.580E+05   1.690E-01  7.466E-05 
1.583E+05   1.688E-01  7.454E-05 
1.585E+05   1.686E-01  7.443E-05 
1.588E+05   1.683E-01  7.432E-05 
1.591E+05   1.681E-01  7.420E-05 
1.593E+05   1.679E-01  7.409E-05 
1.596E+05   1.676E-01  7.398E-05 
1.599E+05   1.674E-01  7.387E-05 
1.601E+05   1.672E-01  7.375E-05 
1.604E+05   1.670E-01  7.364E-05 
1.607E+05   1.667E-01  7.353E-05 
1.609E+05   1.665E-01  7.342E-05 
1.612E+05   1.663E-01  7.331E-05 
1.615E+05   1.661E-01  7.320E-05 
1.617E+05   1.658E-01  7.309E-05 
1.620E+05   1.656E-01  7.298E-05 
1.623E+05   1.654E-01  7.287E-05 
1.625E+05   1.652E-01  7.276E-05 
1.628E+05   1.650E-01  7.266E-05 
1.631E+05   1.647E-01  7.255E-05 
1.633E+05   1.645E-01  7.244E-05 
1.636E+05   1.643E-01  7.233E-05 
1.639E+05   1.641E-01  7.223E-05 
1.641E+05   1.639E-01  7.212E-05 
1.644E+05   1.637E-01  7.201E-05 
1.646E+05   1.634E-01  7.191E-05 
1.649E+05   1.632E-01  7.180E-05 
1.652E+05   1.630E-01  7.170E-05 
1.654E+05   1.628E-01  7.159E-05 
1.657E+05   1.626E-01  7.149E-05 
1.660E+05   1.624E-01  7.138E-05 
1.662E+05   1.622E-01  7.128E-05 
1.665E+05   1.620E-01  7.117E-05 
1.668E+05   1.617E-01  7.107E-05 
1.670E+05   1.615E-01  7.097E-05 
1.673E+05   1.613E-01  7.087E-05 
1.676E+05   1.611E-01  7.076E-05 
1.678E+05   1.609E-01  7.066E-05 
1.681E+05   1.607E-01  7.056E-05 
1.684E+05   1.605E-01  7.046E-05 
1.686E+05   1.603E-01  7.036E-05 
1.689E+05   1.601E-01  7.026E-05 
1.692E+05   1.599E-01  7.015E-05 
1.694E+05   1.597E-01  7.005E-05 
1.697E+05   1.595E-01  6.995E-05 
1.700E+05   1.593E-01  6.985E-05 
1.702E+05   1.591E-01  6.976E-05 
1.705E+05   1.589E-01  6.966E-05 
1.708E+05   1.587E-01  6.956E-05 
1.710E+05   1.585E-01  6.946E-05 
1.713E+05   1.583E-01  6.936E-05 
1.716E+05   1.581E-01  6.926E-05 
1.718E+05   1.579E-01  6.917E-05 
1.721E+05   1.577E-01  6.907E-05 
1.724E+05   1.575E-01  6.897E-05 
1.726E+05   1.573E-01  6.887E-05 
1.729E+05   1.571E-01  6.878E-05 
1.732E+05   1.569E-01  6.868E-05 
1.734E+05   1.567E-01  6.859E-05 
1.737E+05   1.565E-01  6.849E-05 
1.740E+05   1.563E-01  6.839E-05 
1.742E+05   1.561E-01  6.830E-05 
1.745E+05   1.559E-01  6.820E-05 
1.748E+05   1.557E-01  6.811E-05 
1.750E+05   1.555E-01  6.802E-05 
1.753E+05   1.553E-01  6.792E-05 
1.756E+05   1.551E-01  6.783E-05 
1.758E+05   1.549E-01  6.773E-05 
1.761E+05   1.548E-01  6.764E-05 
1.764E+05   1.546E-01  6.755E-05 
1.766E+05   1.544E-01  6.746E-05 
1.769E+05   1.542E-01  6.736E-05 
1.772E+05   1.540E-01  6.727E-05 
1.774E+05   1.538E-01  6.718E-05 
1.777E+05   1.536E-01  6.709E-05 
1.779E+05   1.534E-01  6.700E-05 
1.782E+05   1.532E-01  6.690E-05 
1.785E+05   1.531E-01  6.681E-05 
1.787E+05   1.529E-01  6.672E-05 
1.790E+05   1.527E-01  6.663E-05 
1.793E+05   1.525E-01  6.654E-05 
1.795E+05   1.523E-01  6.645E-05 
1.798E+05   1.521E-01  6.636E-05 
1.801E+05   1.520E-01  6.627E-05 
1.803E+05   1.518E-01  6.618E-05 
1.806E+05   1.516E-01  6.610E-05 
1.809E+05   1.514E-01  6.601E-05 
1.811E+05   1.512E-01  6.592E-05 
1.814E+05   1.511E-01  6.583E-05 
1.817E+05   1.509E-01  6.574E-05 
1.819E+05   1.507E-01  6.566E-05 
1.822E+05   1.505E-01  6.557E-05 
1.825E+05   1.503E-01  6.548E-05 
1.827E+05   1.502E-01  6.539E-05 
1.830E+05   1.500E-01  6.531E-05 
1.833E+05   1.498E-01  6.522E-05 
1.835E+05   1.496E-01  6.514E-05 
1.838E+05   1.495E-01  6.505E-05 
1.841E+05   1.493E-01  6.496E-05 
1.843E+05   1.491E-01  6.488E-05 
1.846E+05   1.489E-01  6.479E-05 
1.849E+05   1.488E-01  6.471E-05 
1.851E+05   1.486E-01  6.462E-05 
1.854E+05   1.484E-01  6.454E-05 
1.857E+05   1.482E-01  6.445E-05 
1.859E+05   1.481E-01  6.437E-05 
1.862E+05   1.479E-01  6.429E-05 
1.865E+05   1.477E-01  6.420E-05 
1.867E+05   1.475E-01  6.412E-05 
1.870E+05   1.474E-01  6.404E-05 
1.873E+05   1.472E-01  6.395E-05 
1.875E+05   1.470E-01  6.387E-05 
1.878E+05   1.469E-01  6.379E-05 
1.881E+05   1.467E-01  6.371E-05 
1.883E+05   1.465E-01  6.362E-05 
1.886E+05   1.464E-01  6.354E-05 
1.889E+05   1.462E-01  6.346E-05 
1.891E+05   1.460E-01  6.338E-05 
1.894E+05   1.459E-01  6.330E-05 
1.897E+05   1.457E-01  6.322E-05 
1.899E+05   1.455E-01  6.314E-05 
1.902E+05   1.454E-01  6.306E-05 
1.905E+05   1.452E-01  6.298E-05 
1.907E+05   1.450E-01  6.290E-05 
1.910E+05   1.449E-01  6.282E-05 
1.912E+05   1.447E-01  6.274E-05 
1.915E+05   1.445E-01  6.266E-05 
1.918E+05   1.444E-01  6.258E-05 
1.920E+05   1.442E-01  6.250E-05 
1.923E+05   1.441E-01  6.242E-05 
1.926E+05   1.439E-01  6.234E-05 
1.928E+05   1.437E-01  6.226E-05 
1.931E+05   1.436E-01  6.218E-05 
1.934E+05   1.434E-01  6.211E-05 
1.936E+05   1.433E-01  6.203E-05 
1.939E+05   1.431E-01  6.195E-05 
1.942E+05   1.429E-01  6.187E-05 
1.944E+05   1.428E-01  6.180E-05 
1.947E+05   1.426E-01  6.172E-05 
1.950E+05   1.425E-01  6.164E-05 
1.952E+05   1.423E-01  6.157E-05 
1.955E+05   1.421E-01  6.149E-05 
1.958E+05   1.420E-01  6.141E-05 
1.960E+05   1.418E-01  6.134E-05 
1.963E+05   1.417E-01  6.126E-05 
1.966E+05   1.415E-01  6.119E-05 
1.968E+05   1.414E-01  6.111E-05 
1.971E+05   1.412E-01  6.104E-05 
1.974E+05   1.411E-01  6.096E-05 
1.976E+05   1.409E-01  6.089E-05 
1.979E+05   1.408E-01  6.081E-05 
1.982E+05   1.406E-01  6.074E-05 
1.984E+05   1.404E-01  6.066E-05 
1.987E+05   1.403E-01  6.059E-05 
1.990E+05   1.401E-01  6.051E-05 
1.992E+05   1.400E-01  6.044E-05 
1.995E+05   1.398E-01  6.037E-05 
1.998E+05   1.397E-01  6.029E-05 
2.000E+05   1.395E-01  6.022E-05 
2.003E+05   1.394E-01  6.015E-05 
2.006E+05   1.392E-01  6.008E-05 
2.008E+05   1.391E-01  6.000E-05 
2.011E+05   1.389E-01  5.993E-05 
2.014E+05   1.388E-01  5.986E-05 
2.016E+05   1.386E-01  5.979E-05 
2.019E+05   1.385E-01  5.971E-05 
2.022E+05   1.383E-01  5.964E-05 
2.024E+05   1.382E-01  5.957E-05 
2.027E+05   1.380E-01  5.950E-05 
2.030E+05   1.379E-01  5.943E-05 
2.032E+05   1.378E-01  5.936E-05 
2.035E+05   1.376E-01  5.929E-05 
2.038E+05   1.375E-01  5.922E-05 
2.040E+05   1.373E-01  5.915E-05 
2.043E+05   1.372E-01  5.908E-05 
2.045E+05   1.370E-01  5.901E-05 
2.048E+05   1.369E-01  5.894E-05 
2.051E+05   1.367E-01  5.887E-05 
2.053E+05   1.366E-01  5.880E-05 
2.056E+05   1.365E-01  5.873E-05 
2.059E+05   1.363E-01  5.866E-05 
2.061E+05   1.362E-01  5.859E-05 
2.064E+05   1.360E-01  5.852E-05 
2.067E+05   1.359E-01  5.845E-05 
2.069E+05   1.357E-01  5.838E-05 
2.072E+05   1.356E-01  5.831E-05 
2.075E+05   1.355E-01  5.825E-05 
2.077E+05   1.353E-01  5.818E-05 
2.080E+05   1.352E-01  5.811E-05 
2.083E+05   1.350E-01  5.804E-05 
2.085E+05   1.349E-01  5.797E-05 
2.088E+05   1.348E-01  5.791E-05 
2.091E+05   1.346E-01  5.784E-05 
2.093E+05   1.345E-01  5.777E-05 
2.096E+05   1.343E-01  5.771E-05 
2.099E+05   1.342E-01  5.764E-05 
2.101E+05   1.341E-01  5.757E-05 
2.104E+05   1.339E-01  5.751E-05 
2.107E+05   1.338E-01  5.744E-05 
2.109E+05   1.337E-01  5.737E-05 
2.112E+05   1.335E-01  5.731E-05 
2.115E+05   1.334E-01  5.724E-05 
2.117E+05   1.333E-01  5.718E-05 
2.120E+05   1.331E-01  5.711E-05 
2.123E+05   1.330E-01  5.705E-05 
2.125E+05   1.328E-01  5.698E-05 
2.128E+05   1.327E-01  5.692E-05 
2.131E+05   1.326E-01  5.685E-05 
2.133E+05   1.324E-01  5.679E-05 
2.136E+05   1.323E-01  5.672E-05 
2.139E+05   1.322E-01  5.666E-05 
2.141E+05   1.320E-01  5.659E-05 
2.144E+05   1.319E-01  5.653E-05 
2.147E+05   1.318E-01  5.647E-05 
2.149E+05   1.317E-01  5.640E-05 
2.152E+05   1.315E-01  5.634E-05 
2.155E+05   1.314E-01  5.627E-05 
2.157E+05   1.313E-01  5.621E-05 
2.160E+05   1.311E-01  5.615E-05 
2.163E+05   1.310E-01  5.608E-05 
2.165E+05   1.309E-01  5.602E-05 
2.168E+05   1.307E-01  5.596E-05 
2.171E+05   1.306E-01  5.590E-05 
2.173E+05   1.305E-01  5.583E-05 
2.176E+05   1.303E-01  5.577E-05 
2.178E+05   1.302E-01  5.571E-05 
2.181E+05   1.301E-01  5.565E-05 
2.184E+05   1.300E-01  5.559E-05 
2.186E+05   1.298E-01  5.552E-05 
2.189E+05   1.297E-01  5.546E-05 
2.192E+05   1.296E-01  5.540E-05 
2.194E+05   1.295E-01  5.534E-05 
2.197E+05   1.293E-01  5.528E-05 
2.200E+05   1.292E-01  5.522E-05 
2.202E+05   1.291E-01  5.516E-05 
2.205E+05   1.289E-01  5.510E-05 
2.208E+05   1.288E-01  5.504E-05 
2.210E+05   1.287E-01  5.497E-05 
2.213E+05   1.286E-01  5.491E-05 
2.216E+05   1.284E-01  5.485E-05 
2.218E+05   1.283E-01  5.479E-05 
2.221E+05   1.282E-01  5.473E-05 
2.224E+05   1.281E-01  5.467E-05 
2.226E+05   1.280E-01  5.461E-05 
2.229E+05   1.278E-01  5.456E-05 
2.232E+05   1.277E-01  5.450E-05 
2.234E+05   1.276E-01  5.444E-05 
2.237E+05   1.275E-01  5.438E-05 
2.240E+05   1.273E-01  5.432E-05 
2.242E+05   1.272E-01  5.426E-05 
2.245E+05   1.271E-01  5.420E-05 
2.248E+05   1.270E-01  5.414E-05 
2.250E+05   1.269E-01  5.408E-05 
2.253E+05   1.267E-01  5.403E-05 
2.256E+05   1.266E-01  5.397E-05 
2.258E+05   1.265E-01  5.391E-05 
2.261E+05   1.264E-01  5.385E-05 
2.264E+05   1.262E-01  5.379E-05 
2.266E+05   1.261E-01  5.374E-05 
2.269E+05   1.260E-01  5.368E-05 
2.272E+05   1.259E-01  5.362E-05 
2.274E+05   1.258E-01  5.356E-05 
2.277E+05   1.257E-01  5.351E-05 
2.280E+05   1.255E-01  5.345E-05 
2.282E+05   1.254E-01  5.339E-05 
2.285E+05   1.253E-01  5.334E-05 
2.288E+05   1.252E-01  5.328E-05 
2.290E+05   1.251E-01  5.322E-05 
2.293E+05   1.249E-01  5.317E-05 
2.296E+05   1.248E-01  5.311E-05 
2.298E+05   1.247E-01  5.305E-05 
2.301E+05   1.246E-01  5.300E-05 
2.304E+05   1.245E-01  5.294E-05 
2.306E+05   1.244E-01  5.289E-05 
2.309E+05   1.242E-01  5.283E-05 
2.311E+05   1.241E-01  5.278E-05 
2.314E+05   1.240E-01  5.272E-05 
2.317E+05   1.239E-01  5.267E-05 
2.319E+05   1.238E-01  5.261E-05 
2.322E+05   1.237E-01  5.255E-05 
2.325E+05   1.236E-01  5.250E-05 
2.327E+05   1.234E-01  5.245E-05 
2.330E+05   1.233E-01  5.239E-05 
2.333E+05   1.232E-01  5.234E-05 
2.335E+05   1.231E-01  5.228E-05 
2.338E+05   1.230E-01  5.223E-05 
2.341E+05   1.229E-01  5.217E-05 
2.343E+05   1.228E-01  5.212E-05 
2.346E+05   1.227E-01  5.207E-05 
2.349E+05   1.225E-01  5.201E-05 
2.351E+05   1.224E-01  5.196E-05 
2.354E+05   1.223E-01  5.190E-05 
2.357E+05   1.222E-01  5.185E-05 
2.359E+05   1.221E-01  5.180E-05 
2.362E+05   1.220E-01  5.174E-05 
2.365E+05   1.219E-01  5.169E-05 
2.367E+05   1.218E-01  5.164E-05 
2.370E+05   1.217E-01  5.158E-05 
2.373E+05   1.215E-01  5.153E-05 
2.375E+05   1.214E-01  5.148E-05 
2.378E+05   1.213E-01  5.143E-05 
2.381E+05   1.212E-01  5.137E-05 
2.383E+05   1.211E-01  5.132E-05 
2.386E+05   1.210E-01  5.127E-05 
2.389E+05   1.209E-01  5.122E-05 
2.391E+05   1.208E-01  5.117E-05 
2.394E+05   1.207E-01  5.111E-05 
2.397E+05   1.206E-01  5.106E-05 
2.399E+05   1.205E-01  5.101E-05 
2.402E+05   1.204E-01  5.096E-05 
2.405E+05   1.202E-01  5.091E-05 
2.407E+05   1.201E-01  5.086E-05 
2.410E+05   1.200E-01  5.080E-05 
2.413E+05   1.199E-01  5.075E-05 
2.415E+05   1.198E-01  5.070E-05 
2.418E+05   1.197E-01  5.065E-05 
2.421E+05   1.196E-01  5.060E-05 
2.423E+05   1.195E-01  5.055E-05 
2.426E+05   1.194E-01  5.050E-05 
2.429E+05   1.193E-01  5.045E-05 
2.431E+05   1.192E-01  5.040E-05 
2.434E+05   1.191E-01  5.035E-05 
2.437E+05   1.190E-01  5.030E-05 
2.439E+05   1.189E-01  5.025E-05 
2.442E+05   1.188E-01  5.020E-05 
2.444E+05   1.187E-01  5.015E-05 
2.447E+05   1.186E-01  5.010E-05 
2.450E+05   1.185E-01  5.005E-05 
2.452E+05   1.184E-01  5.000E-05 
2.455E+05   1.182E-01  4.995E-05 
2.458E+05   1.181E-01  4.990E-05 
2.460E+05   1.180E-01  4.985E-05 
2.463E+05   1.179E-01  4.980E-05 
2.466E+05   1.178E-01  4.975E-05 
2.468E+05   1.177E-01  4.970E-05 
2.471E+05   1.176E-01  4.965E-05 
2.474E+05   1.175E-01  4.960E-05 
2.476E+05   1.174E-01  4.956E-05 
2.479E+05   1.173E-01  4.951E-05 
2.482E+05   1.172E-01  4.946E-05 
2.484E+05   1.171E-01  4.941E-05 
2.487E+05   1.170E-01  4.936E-05 
2.490E+05   1.169E-01  4.931E-05 
2.492E+05   1.168E-01  4.927E-05 
2.495E+05   1.167E-01  4.922E-05 
2.498E+05   1.166E-01  4.917E-05 
2.500E+05   1.165E-01  4.912E-05 
2.503E+05   1.164E-01  4.907E-05 
2.506E+05   1.163E-01  4.903E-05 
2.508E+05   1.162E-01  4.898E-05 
2.511E+05   1.161E-01  4.893E-05 
2.514E+05   1.160E-01  4.888E-05 
2.516E+05   1.159E-01  4.884E-05 
2.519E+05   1.158E-01  4.879E-05 
2.522E+05   1.157E-01  4.874E-05 
2.524E+05   1.156E-01  4.870E-05 
2.527E+05   1.155E-01  4.865E-05 
2.530E+05   1.154E-01  4.860E-05 
2.532E+05   1.153E-01  4.856E-05 
2.535E+05   1.152E-01  4.851E-05 
2.538E+05   1.151E-01  4.846E-05 
2.540E+05   1.151E-01  4.842E-05 
2.543E+05   1.150E-01  4.837E-05 
2.546E+05   1.149E-01  4.832E-05 
2.548E+05   1.148E-01  4.828E-05 
2.551E+05   1.147E-01  4.823E-05 
2.554E+05   1.146E-01  4.819E-05 
2.556E+05   1.145E-01  4.814E-05 
2.559E+05   1.144E-01  4.809E-05 
2.562E+05   1.143E-01  4.805E-05 
2.564E+05   1.142E-01  4.800E-05 
2.567E+05   1.141E-01  4.796E-05 
2.570E+05   1.140E-01  4.791E-05 
2.572E+05   1.139E-01  4.787E-05 
2.575E+05   1.138E-01  4.782E-05 
2.577E+05   1.137E-01  4.778E-05 
2.580E+05   1.136E-01  4.773E-05 
2.583E+05   1.135E-01  4.769E-05 
2.585E+05   1.134E-01  4.764E-05 
2.588E+05   1.133E-01  4.760E-05 
2.591E+05   1.132E-01  4.755E-05 
2.593E+05   1.132E-01  4.751E-05 
2.596E+05   1.131E-01  4.746E-05 
2.599E+05   1.130E-01  4.742E-05 
2.601E+05   1.129E-01  4.738E-05 
2.604E+05   1.128E-01  4.733E-05 
2.607E+05   1.127E-01  4.729E-05 
2.609E+05   1.126E-01  4.724E-05 
2.612E+05   1.125E-01  4.720E-05 
2.615E+05   1.124E-01  4.715E-05 
2.617E+05   1.123E-01  4.711E-05 
2.620E+05   1.122E-01  4.707E-05 
2.623E+05   1.121E-01  4.702E-05 
2.625E+05   1.120E-01  4.698E-05 
2.628E+05   1.120E-01  4.694E-05 
2.631E+05   1.119E-01  4.689E-05 
2.633E+05   1.118E-01  4.685E-05 
2.636E+05   1.117E-01  4.681E-05 
2.639E+05   1.116E-01  4.676E-05 
2.641E+05   1.115E-01  4.672E-05 
2.644E+05   1.114E-01  4.668E-05 
2.647E+05   1.113E-01  4.663E-05 
2.649E+05   1.112E-01  4.659E-05 
2.652E+05   1.111E-01  4.655E-05 
2.655E+05   1.111E-01  4.651E-05 
2.657E+05   1.110E-01  4.646E-05 
2.660E+05   1.109E-01  4.642E-05 
2.663E+05   1.108E-01  4.638E-05 
2.665E+05   1.107E-01  4.634E-05 
2.668E+05   1.106E-01  4.629E-05 
2.671E+05   1.105E-01  4.625E-05 
2.673E+05   1.104E-01  4.621E-05 
2.676E+05   1.103E-01  4.617E-05 
2.679E+05   1.103E-01  4.613E-05 
2.681E+05   1.102E-01  4.608E-05 
2.684E+05   1.101E-01  4.604E-05 
2.687E+05   1.100E-01  4.600E-05 
2.689E+05   1.099E-01  4.596E-05 
2.692E+05   1.098E-01  4.592E-05 
2.695E+05   1.097E-01  4.588E-05 
2.697E+05   1.096E-01  4.584E-05 
2.700E+05   1.096E-01  4.579E-05 
2.703E+05   1.095E-01  4.575E-05 
2.705E+05   1.094E-01  4.571E-05 
2.708E+05   1.093E-01  4.567E-05 
2.710E+05   1.092E-01  4.563E-05 
2.713E+05   1.091E-01  4.559E-05 
2.716E+05   1.090E-01  4.555E-05 
2.718E+05   1.090E-01  4.551E-05 
2.721E+05   1.089E-01  4.547E-05 
2.724E+05   1.088E-01  4.543E-05 
2.726E+05   1.087E-01  4.539E-05 
2.729E+05   1.086E-01  4.534E-05 
2.732E+05   1.085E-01  4.530E-05 
2.734E+05   1.084E-01  4.526E-05 
2.737E+05   1.084E-01  4.522E-05 
2.740E+05   1.083E-01  4.518E-05 
2.742E+05   1.082E-01  4.514E-05 
2.745E+05   1.081E-01  4.510E-05 
2.748E+05   1.080E-01  4.506E-05 
2.750E+05   1.079E-01  4.502E-05 
2.753E+05   1.079E-01  4.498E-05 
2.756E+05   1.078E-01  4.494E-05 
2.758E+05   1.077E-01  4.490E-05 
2.761E+05   1.076E-01  4.487E-05 
2.764E+05   1.075E-01  4.483E-05 
2.766E+05   1.074E-01  4.479E-05 
2.769E+05   1.074E-01  4.475E-05 
2.772E+05   1.073E-01  4.471E-05 
2.774E+05   1.072E-01  4.467E-05 
2.777E+05   1.071E-01  4.463E-05 
2.780E+05   1.070E-01  4.459E-05 
2.782E+05   1.070E-01  4.455E-05 
2.785E+05   1.069E-01  4.451E-05 
2.788E+05   1.068E-01  4.447E-05 
2.790E+05   1.067E-01  4.443E-05 
2.793E+05   1.066E-01  4.440E-05 
2.796E+05   1.065E-01  4.436E-05 
2.798E+05   1.065E-01  4.432E-05 
2.801E+05   1.064E-01  4.428E-05 
2.804E+05   1.063E-01  4.424E-05 
2.806E+05   1.062E-01  4.420E-05 
2.809E+05   1.061E-01  4.417E-05 
2.812E+05   1.061E-01  4.413E-05 
2.814E+05   1.060E-01  4.409E-05 
2.817E+05   1.059E-01  4.405E-05 
2.820E+05   1.058E-01  4.401E-05 
2.822E+05   1.057E-01  4.398E-05 
2.825E+05   1.057E-01  4.394E-05 
2.828E+05   1.056E-01  4.390E-05 
2.830E+05   1.055E-01  4.386E-05 
2.833E+05   1.054E-01  4.382E-05 
2.836E+05   1.053E-01  4.379E-05 
2.838E+05   1.053E-01  4.375E-05 
2.841E+05   1.052E-01  4.371E-05 
2.843E+05   1.051E-01  4.367E-05 
2.846E+05   1.050E-01  4.364E-05 
2.849E+05   1.050E-01  4.360E-05 
2.851E+05   1.049E-01  4.356E-05 
2.854E+05   1.048E-01  4.353E-05 
2.857E+05   1.047E-01  4.349E-05 
2.859E+05   1.046E-01  4.345E-05 
2.862E+05   1.046E-01  4.341E-05 
2.865E+05   1.045E-01  4.338E-05 
2.867E+05   1.044E-01  4.334E-05 
2.870E+05   1.043E-01  4.330E-05 
2.873E+05   1.043E-01  4.327E-05 
2.875E+05   1.042E-01  4.323E-05 
2.878E+05   1.041E-01  4.319E-05 
2.881E+05   1.040E-01  4.316E-05 
2.883E+05   1.039E-01  4.312E-05 
2.886E+05   1.039E-01  4.308E-05 
2.889E+05   1.038E-01  4.305E-05 
2.891E+05   1.037E-01  4.301E-05 
2.894E+05   1.036E-01  4.298E-05 
2.897E+05   1.036E-01  4.294E-05 
2.899E+05   1.035E-01  4.290E-05 
2.902E+05   1.034E-01  4.287E-05 
2.905E+05   1.033E-01  4.283E-05 
2.907E+05   1.033E-01  4.280E-05 
2.910E+05   1.032E-01  4.276E-05 
2.913E+05   1.031E-01  4.272E-05 
2.915E+05   1.030E-01  4.269E-05 
2.918E+05   1.030E-01  4.265E-05 
2.921E+05   1.029E-01  4.262E-05 
2.923E+05   1.028E-01  4.258E-05 
2.926E+05   1.027E-01  4.255E-05 
2.929E+05   1.027E-01  4.251E-05 
2.931E+05   1.026E-01  4.248E-05 
2.934E+05   1.025E-01  4.244E-05 
2.937E+05   1.024E-01  4.241E-05 
2.939E+05   1.024E-01  4.237E-05 
2.942E+05   1.023E-01  4.234E-05 
2.945E+05   1.022E-01  4.230E-05 
2.947E+05   1.021E-01  4.227E-05 
2.950E+05   1.021E-01  4.223E-05 
2.953E+05   1.020E-01  4.220E-05 
2.955E+05   1.019E-01  4.216E-05 
2.958E+05   1.019E-01  4.213E-05 
2.961E+05   1.018E-01  4.209E-05 
2.963E+05   1.017E-01  4.206E-05 
2.966E+05   1.016E-01  4.202E-05 
2.969E+05   1.016E-01  4.199E-05 
2.971E+05   1.015E-01  4.195E-05 
2.974E+05   1.014E-01  4.192E-05 
2.976E+05   1.013E-01  4.189E-05 
2.979E+05   1.013E-01  4.185E-05 
2.982E+05   1.012E-01  4.182E-05 
2.984E+05   1.011E-01  4.178E-05 
2.987E+05   1.011E-01  4.175E-05 
2.990E+05   1.010E-01  4.171E-05 
2.992E+05   1.009E-01  4.168E-05 
2.995E+05   1.008E-01  4.165E-05 
2.998E+05   1.008E-01  4.161E-05 
3.000E+05   1.007E-01  4.158E-05 
3.003E+05   1.006E-01  4.155E-05 
3.006E+05   1.006E-01  4.151E-05 
3.008E+05   1.005E-01  4.148E-05 
3.011E+05   1.004E-01  4.144E-05 
3.014E+05   1.003E-01  4.141E-05 
3.016E+05   1.003E-01  4.138E-05 
3.019E+05   1.002E-01  4.134E-05 
3.022E+05   1.001E-01  4.131E-05 
3.024E+05   1.001E-01  4.128E-05 
3.027E+05   9.999E-02  4.124E-05 
3.030E+05   9.992E-02  4.121E-05 
3.032E+05   9.985E-02  4.118E-05 
3.035E+05   9.978E-02  4.115E-05 
3.038E+05   9.971E-02  4.111E-05 
3.040E+05   9.964E-02  4.108E-05 
3.043E+05   9.958E-02  4.105E-05 
3.046E+05   9.951E-02  4.101E-05 
3.048E+05   9.944E-02  4.098E-05 
3.051E+05   9.937E-02  4.095E-05 
3.054E+05   9.930E-02  4.092E-05 
3.056E+05   9.923E-02  4.088E-05 
3.059E+05   9.916E-02  4.085E-05 
3.062E+05   9.909E-02  4.082E-05 
3.064E+05   9.902E-02  4.079E-05 
3.067E+05   9.896E-02  4.075E-05 
3.070E+05   9.889E-02  4.072E-05 
3.072E+05   9.882E-02  4.069E-05 
3.075E+05   9.875E-02  4.066E-05 
3.078E+05   9.868E-02  4.062E-05 
3.080E+05   9.862E-02  4.059E-05 
3.083E+05   9.855E-02  4.056E-05 
3.086E+05   9.848E-02  4.053E-05 
3.088E+05   9.841E-02  4.050E-05 
3.091E+05   9.835E-02  4.046E-05 
3.094E+05   9.828E-02  4.043E-05 
3.096E+05   9.821E-02  4.040E-05 
3.099E+05   9.814E-02  4.037E-05 
3.102E+05   9.808E-02  4.034E-05 
3.104E+05   9.801E-02  4.031E-05 
3.107E+05   9.794E-02  4.027E-05 
3.109E+05   9.788E-02  4.024E-05 
3.112E+05   9.781E-02  4.021E-05 
3.115E+05   9.774E-02  4.018E-05 
3.117E+05   9.768E-02  4.015E-05 
3.120E+05   9.761E-02  4.012E-05 
3.123E+05   9.755E-02  4.009E-05 
3.125E+05   9.748E-02  4.005E-05 
3.128E+05   9.741E-02  4.002E-05 
3.131E+05   9.735E-02  3.999E-05 
3.133E+05   9.728E-02  3.996E-05 
3.136E+05   9.722E-02  3.993E-05 
3.139E+05   9.715E-02  3.990E-05 
3.141E+05   9.709E-02  3.987E-05 
3.144E+05   9.702E-02  3.984E-05 
3.147E+05   9.696E-02  3.981E-05 
3.149E+05   9.689E-02  3.978E-05 
3.152E+05   9.683E-02  3.975E-05 
3.155E+05   9.676E-02  3.971E-05 
3.157E+05   9.670E-02  3.968E-05 
3.160E+05   9.663E-02  3.965E-05 
3.163E+05   9.657E-02  3.962E-05 
3.165E+05   9.650E-02  3.959E-05 
3.168E+05   9.644E-02  3.956E-05 
3.171E+05   9.637E-02  3.953E-05 
3.173E+05   9.631E-02  3.950E-05 
3.176E+05   9.625E-02  3.947E-05 
3.179E+05   9.618E-02  3.944E-05 
3.181E+05   9.612E-02  3.941E-05 
3.184E+05   9.605E-02  3.938E-05 
3.187E+05   9.599E-02  3.935E-05 
3.189E+05   9.593E-02  3.932E-05 
3.192E+05   9.586E-02  3.929E-05 
3.195E+05   9.580E-02  3.926E-05 
3.197E+05   9.574E-02  3.923E-05 
3.200E+05   9.567E-02  3.920E-05 
3.203E+05   9.561E-02  3.917E-05 
3.205E+05   9.555E-02  3.914E-05 
3.208E+05   9.548E-02  3.911E-05 
3.211E+05   9.542E-02  3.908E-05 
3.213E+05   9.536E-02  3.905E-05 
3.216E+05   9.530E-02  3.902E-05 
3.219E+05   9.523E-02  3.899E-05 
3.221E+05   9.517E-02  3.896E-05 
3.224E+05   9.511E-02  3.893E-05 
3.227E+05   9.505E-02  3.890E-05 
3.229E+05   9.498E-02  3.888E-05 
3.232E+05   9.492E-02  3.885E-05 
3.235E+05   9.486E-02  3.882E-05 
3.237E+05   9.480E-02  3.879E-05 
3.240E+05   9.474E-02  3.876E-05 
3.242E+05   9.468E-02  3.873E-05 
3.245E+05   9.461E-02  3.870E-05 
3.248E+05   9.455E-02  3.867E-05 
3.250E+05   9.449E-02  3.864E-05 
3.253E+05   9.443E-02  3.861E-05 
3.256E+05   9.437E-02  3.858E-05 
3.258E+05   9.431E-02  3.856E-05 
3.261E+05   9.425E-02  3.853E-05 
3.264E+05   9.419E-02  3.850E-05 
3.266E+05   9.413E-02  3.847E-05 
3.269E+05   9.406E-02  3.844E-05 
3.272E+05   9.400E-02  3.841E-05 
3.274E+05   9.394E-02  3.838E-05 
3.277E+05   9.388E-02  3.835E-05 
3.280E+05   9.382E-02  3.833E-05 
3.282E+05   9.376E-02  3.830E-05 
3.285E+05   9.370E-02  3.827E-05 
3.288E+05   9.364E-02  3.824E-05 
3.290E+05   9.358E-02  3.821E-05 
3.293E+05   9.352E-02  3.818E-05 
3.296E+05   9.346E-02  3.816E-05 
3.298E+05   9.340E-02  3.813E-05 
3.301E+05   9.334E-02  3.810E-05 
3.304E+05   9.328E-02  3.807E-05 
3.306E+05   9.322E-02  3.804E-05 
3.309E+05   9.316E-02  3.802E-05 
3.312E+05   9.311E-02  3.799E-05 
3.314E+05   9.305E-02  3.796E-05 
3.317E+05   9.299E-02  3.793E-05 
3.320E+05   9.293E-02  3.790E-05 
3.322E+05   9.287E-02  3.788E-05 
3.325E+05   9.281E-02  3.785E-05 
3.328E+05   9.275E-02  3.782E-05 
3.330E+05   9.269E-02  3.779E-05 
3.333E+05   9.263E-02  3.777E-05 
3.336E+05   9.258E-02  3.774E-05 
3.338E+05   9.252E-02  3.771E-05 
3.341E+05   9.246E-02  3.768E-05 
3.344E+05   9.240E-02  3.766E-05 
3.346E+05   9.234E-02  3.763E-05 
3.349E+05   9.229E-02  3.760E-05 
3.352E+05   9.223E-02  3.757E-05 
3.354E+05   9.217E-02  3.755E-05 
3.357E+05   9.211E-02  3.752E-05 
3.360E+05   9.205E-02  3.749E-05 
3.362E+05   9.200E-02  3.746E-05 
3.365E+05   9.194E-02  3.744E-05 
3.368E+05   9.188E-02  3.741E-05 
3.370E+05   9.182E-02  3.738E-05 
3.373E+05   9.177E-02  3.736E-05 
3.375E+05   9.171E-02  3.733E-05 
3.378E+05   9.165E-02  3.730E-05 
3.381E+05   9.160E-02  3.728E-05 
3.383E+05   9.154E-02  3.725E-05 
3.386E+05   9.148E-02  3.722E-05 
3.389E+05   9.142E-02  3.720E-05 
3.391E+05   9.137E-02  3.717E-05 
3.394E+05   9.131E-02  3.714E-05 
3.397E+05   9.125E-02  3.712E-05 
3.399E+05   9.120E-02  3.709E-05 
3.402E+05   9.114E-02  3.706E-05 
3.405E+05   9.109E-02  3.704E-05 
3.407E+05   9.103E-02  3.701E-05 
3.410E+05   9.097E-02  3.698E-05 
3.413E+05   9.092E-02  3.696E-05 
3.415E+05   9.086E-02  3.693E-05 
3.418E+05   9.081E-02  3.690E-05 
3.421E+05   9.075E-02  3.688E-05 
3.423E+05   9.069E-02  3.685E-05 
3.426E+05   9.064E-02  3.682E-05 
3.429E+05   9.058E-02  3.680E-05 
3.431E+05   9.053E-02  3.677E-05 
3.434E+05   9.047E-02  3.675E-05 
3.437E+05   9.042E-02  3.672E-05 
3.439E+05   9.036E-02  3.669E-05 
3.442E+05   9.031E-02  3.667E-05 
3.445E+05   9.025E-02  3.664E-05 
3.447E+05   9.020E-02  3.662E-05 
3.450E+05   9.014E-02  3.659E-05 
3.453E+05   9.009E-02  3.656E-05 
3.455E+05   9.003E-02  3.654E-05 
3.458E+05   8.998E-02  3.651E-05 
3.461E+05   8.992E-02  3.649E-05 
3.463E+05   8.987E-02  3.646E-05 
3.466E+05   8.981E-02  3.644E-05 
3.469E+05   8.976E-02  3.641E-05 
3.471E+05   8.970E-02  3.638E-05 
3.474E+05   8.965E-02  3.636E-05 
3.477E+05   8.960E-02  3.633E-05 
3.479E+05   8.954E-02  3.631E-05 
3.482E+05   8.949E-02  3.628E-05 
3.485E+05   8.943E-02  3.626E-05 
3.487E+05   8.938E-02  3.623E-05 
3.490E+05   8.933E-02  3.621E-05 
3.493E+05   8.927E-02  3.618E-05 
3.495E+05   8.922E-02  3.616E-05 
3.498E+05   8.917E-02  3.613E-05 
3.501E+05   8.911E-02  3.611E-05 
3.503E+05   8.906E-02  3.608E-05 
3.506E+05   8.901E-02  3.606E-05 
3.508E+05   8.895E-02  3.603E-05 
3.511E+05   8.890E-02  3.601E-05 
3.514E+05   8.885E-02  3.598E-05 
3.516E+05   8.879E-02  3.596E-05 
3.519E+05   8.874E-02  3.593E-05 
3.522E+05   8.869E-02  3.591E-05 
3.524E+05   8.864E-02  3.588E-05 
3.527E+05   8.858E-02  3.586E-05 
3.530E+05   8.853E-02  3.583E-05 
3.532E+05   8.848E-02  3.581E-05 
3.535E+05   8.842E-02  3.578E-05 
3.538E+05   8.837E-02  3.576E-05 
3.540E+05   8.832E-02  3.573E-05 
3.543E+05   8.827E-02  3.571E-05 
3.546E+05   8.822E-02  3.568E-05 
3.548E+05   8.816E-02  3.566E-05 
3.551E+05   8.811E-02  3.564E-05 
3.554E+05   8.806E-02  3.561E-05 
3.556E+05   8.801E-02  3.559E-05 
3.559E+05   8.796E-02  3.556E-05 
3.562E+05   8.790E-02  3.554E-05 
3.564E+05   8.785E-02  3.551E-05 
3.567E+05   8.780E-02  3.549E-05 
3.570E+05   8.775E-02  3.546E-05 
3.572E+05   8.770E-02  3.544E-05 
3.575E+05   8.765E-02  3.542E-05 
3.578E+05   8.759E-02  3.539E-05 
3.580E+05   8.754E-02  3.537E-05 
3.583E+05   8.749E-02  3.534E-05 
3.586E+05   8.744E-02  3.532E-05 
3.588E+05   8.739E-02  3.530E-05 
3.591E+05   8.734E-02  3.527E-05 
3.594E+05   8.729E-02  3.525E-05 
3.596E+05   8.724E-02  3.522E-05 
3.599E+05   8.719E-02  3.520E-05 
3.602E+05   8.714E-02  3.518E-05 
3.604E+05   8.709E-02  3.515E-05 
3.607E+05   8.703E-02  3.513E-05 
3.610E+05   8.698E-02  3.511E-05 
3.612E+05   8.693E-02  3.508E-05 
3.615E+05   8.688E-02  3.506E-05 
3.618E+05   8.683E-02  3.503E-05 
3.620E+05   8.678E-02  3.501E-05 
3.623E+05   8.673E-02  3.499E-05 
3.626E+05   8.668E-02  3.496E-05 
3.628E+05   8.663E-02  3.494E-05 
3.631E+05   8.658E-02  3.492E-05 
3.634E+05   8.653E-02  3.489E-05 
3.636E+05   8.648E-02  3.487E-05 
3.639E+05   8.643E-02  3.485E-05 
3.641E+05   8.638E-02  3.482E-05 
3.644E+05   8.633E-02  3.480E-05 
3.647E+05   8.628E-02  3.478E-05 
3.649E+05   8.624E-02  3.475E-05 
3.652E+05   8.619E-02  3.473E-05 
3.655E+05   8.614E-02  3.471E-05 
3.657E+05   8.609E-02  3.468E-05 
3.660E+05   8.604E-02  3.466E-05 
3.663E+05   8.599E-02  3.464E-05 
3.665E+05   8.594E-02  3.461E-05 
3.668E+05   8.589E-02  3.459E-05 
3.671E+05   8.584E-02  3.457E-05 
3.673E+05   8.579E-02  3.455E-05 
3.676E+05   8.574E-02  3.452E-05 
3.679E+05   8.570E-02  3.450E-05 
3.681E+05   8.565E-02  3.448E-05 
3.684E+05   8.560E-02  3.445E-05 
3.687E+05   8.555E-02  3.443E-05 
3.689E+05   8.550E-02  3.441E-05 
3.692E+05   8.545E-02  3.439E-05 
3.695E+05   8.540E-02  3.436E-05 
3.697E+05   8.536E-02  3.434E-05 
