---Stopping/Range Input Data (Number-format: Period = Decimal Point)
---Output File Name
"./12CEnLoss.txt"
---Ion(Z), Ion Mass(u)
3   6.015122
---Target Data: (Solid=0,Gas=1), Density(g/cm3), Compound Corr.
0    2.253    0
---Number of Target Elements
 1 
---Target Elements: (Z), Target name, Stoich, Target Mass(u)
6   "12Carbon"           100.0          12.00
---Output Stopping Units (1-8)
 5
---Ion Energy : E-Min(keV), E-Max(keV)
 0    0
104000
104266
104532
104798
105064
105330
105596
105862
106128
106394
106660
106926
107192
107458
107724
107990
108256
108522
108788
109054
109320
109586
109852
110118
110384
110650
110916
111182
111448
111714
111980
112246
112512
112778
113044
113310
113576
113842
114108
114374
114640
114906
115172
115438
115704
115970
116236
116502
116768
117034
117300
117566
117832
118098
118364
118630
118896
119162
119428
119694
119960
120226
120492
120758
121024
121290
121556
121822
122088
122354
122620
122886
123152
123418
123684
123950
124216
124482
124748
125014
125280
125546
125812
126078
126344
126610
126876
127142
127408
127674
127940
128206
128472
128738
129004
129270
129536
129802
130068
130334
130600
130866
131132
131398
131664
131930
132196
132462
132728
132994
133260
133526
133792
134058
134324
134590
134856
135122
135388
135654
135920
136186
136452
136718
136984
137250
137516
137782
138048
138314
138580
138846
139112
139378
139644
139910
140176
140442
140708
140974
141240
141506
141772
142038
142304
142570
142836
143102
143368
143634
143900
144166
144432
144698
144964
145230
145496
145762
146028
146294
146560
146826
147092
147358
147624
147890
148156
148422
148688
148954
149220
149486
149752
150018
150284
150550
150816
151082
151348
151614
151880
152146
152412
152678
152944
153210
153476
153742
154008
154274
154540
154806
155072
155338
155604
155870
156136
156402
156668
156934
157200
157466
157732
157998
158264
158530
158796
159062
159328
159594
159860
160126
160392
160658
160924
161190
161456
161722
161988
162254
162520
162786
163052
163318
163584
163850
164116
164382
164648
164914
165180
165446
165712
165978
166244
166510
166776
167042
167308
167574
167840
168106
168372
168638
168904
169170
169436
169702
169968
170234
170500
170766
171032
171298
171564
171830
172096
172362
172628
172894
173160
173426
173692
173958
174224
174490
174756
175022
175288
175554
175820
176086
176352
176618
176884
177150
177416
177682
177948
178214
178480
178746
179012
179278
179544
179810
180076
180342
180608
180874
181140
181406
181672
181938
182204
182470
182736
183002
183268
183534
183800
184066
184332
184598
184864
185130
185396
185662
185928
186194
186460
186726
186992
187258
187524
187790
188056
188322
188588
188854
189120
189386
189652
189918
190184
190450
190716
190982
191248
191514
191780
192046
192312
192578
192844
193110
193376
193642
193908
194174
194440
194706
194972
195238
195504
195770
196036
196302
196568
196834
197100
197366
197632
197898
198164
198430
198696
198962
199228
199494
199760
200026
200292
200558
200824
201090
201356
201622
201888
202154
202420
202686
202952
203218
203484
203750
204016
204282
204548
204814
205080
205346
205612
205878
206144
206410
206676
206942
207208
207474
207740
208006
208272
208538
208804
209070
209336
209602
209868
210134
210400
210666
210932
211198
211464
211730
211996
212262
212528
212794
213060
213326
213592
213858
214124
214390
214656
214922
215188
215454
215720
215986
216252
216518
216784
217050
217316
217582
217848
218114
218380
218646
218912
219178
219444
219710
219976
220242
220508
220774
221040
221306
221572
221838
222104
222370
222636
222902
223168
223434
223700
223966
224232
224498
224764
225030
225296
225562
225828
226094
226360
226626
226892
227158
227424
227690
227956
228222
228488
228754
229020
229286
229552
229818
230084
230350
230616
230882
231148
231414
231680
231946
232212
232478
232744
233010
233276
233542
233808
234074
234340
234606
234872
235138
235404
235670
235936
236202
236468
236734
237000
237266
237532
237798
238064
238330
238596
238862
239128
239394
239660
239926
240192
240458
240724
240990
241256
241522
241788
242054
242320
242586
242852
243118
243384
243650
243916
244182
244448
244714
244980
245246
245512
245778
246044
246310
246576
246842
247108
247374
247640
247906
248172
248438
248704
248970
249236
249502
249768
250034
250300
250566
250832
251098
251364
251630
251896
252162
252428
252694
252960
253226
253492
253758
254024
254290
254556
254822
255088
255354
255620
255886
256152
256418
256684
256950
257216
257482
257748
258014
258280
258546
258812
259078
259344
259610
259876
260142
260408
260674
260940
261206
261472
261738
262004
262270
262536
262802
263068
263334
263600
263866
264132
264398
264664
264930
265196
265462
265728
265994
266260
266526
266792
267058
267324
267590
267856
268122
268388
268654
268920
269186
269452
269718
269984
270250
270516
270782
271048
271314
271580
271846
272112
272378
272644
272910
273176
273442
273708
273974
274240
274506
274772
275038
275304
275570
275836
276102
276368
276634
276900
277166
277432
277698
277964
278230
278496
278762
279028
279294
279560
279826
280092
280358
280624
280890
281156
281422
281688
281954
282220
282486
282752
283018
283284
283550
283816
284082
284348
284614
284880
285146
285412
285678
285944
286210
286476
286742
287008
287274
287540
287806
288072
288338
288604
288870
289136
289402
289668
289934
290200
290466
290732
290998
291264
291530
291796
292062
292328
292594
292860
293126
293392
293658
293924
294190
294456
294722
294988
295254
295520
295786
296052
296318
296584
296850
297116
297382
297648
297914
298180
298446
298712
298978
299244
299510
299776
300042
300308
300574
300840
301106
301372
301638
301904
302170
302436
302702
302968
303234
303500
303766
304032
304298
304564
304830
305096
305362
305628
305894
306160
306426
306692
306958
307224
307490
307756
308022
308288
308554
308820
309086
309352
309618
309884
310150
310416
310682
310948
311214
311480
311746
312012
312278
312544
312810
313076
313342
313608
313874
314140
314406
314672
314938
315204
315470
315736
316002
316268
316534
316800
317066
317332
317598
317864
318130
318396
318662
318928
319194
319460
319726
319992
320258
320524
320790
321056
321322
321588
321854
322120
322386
322652
322918
323184
323450
323716
323982
324248
324514
324780
325046
325312
325578
325844
326110
326376
326642
326908
327174
327440
327706
327972
328238
328504
328770
329036
329302
329568
329834
330100
330366
330632
330898
331164
331430
331696
331962
332228
332494
332760
333026
333292
333558
333824
334090
334356
334622
334888
335154
335420
335686
335952
336218
336484
336750
337016
337282
337548
337814
338080
338346
338612
338878
339144
339410
339676
339942
340208
340474
340740
341006
341272
341538
341804
342070
342336
342602
342868
343134
343400
343666
343932
344198
344464
344730
344996
345262
345528
345794
346060
346326
346592
346858
347124
347390
347656
347922
348188
348454
348720
348986
349252
349518
349784
350050
350316
350582
350848
351114
351380
351646
351912
352178
352444
352710
352976
353242
353508
353774
354040
354306
354572
354838
355104
355370
355636
355902
356168
356434
356700
356966
357232
357498
357764
358030
358296
358562
358828
359094
359360
359626
359892
360158
360424
360690
360956
361222
361488
361754
362020
362286
362552
362818
363084
363350
363616
363882
364148
364414
364680
364946
365212
365478
365744
366010
366276
366542
366808
367074
367340
367606
367872
368138
368404
368670
368936
369202
369468
369734
370000
0